6e83b58f-7446-4d94-81da-ab17c093f47d_0015,48,96,208,352,400,544,5.0,0.52735710144,0.106666666667
6e83b58f-7446-4d94-81da-ab17c093f47d_0015,48,320,320,272,544,528,4.0,0.358830243349,0.106666666667
6e83b58f-7446-4d94-81da-ab17c093f47d_0015,128,272,0,368,528,176,6.0,0.336457997561,0.106666666667
6e83b58f-7446-4d94-81da-ab17c093f47d_0015,128,0,304,352,208,528,4.0,0.299403548241,0.106666666667
6e83b58f-7446-4d94-81da-ab17c093f47d_0015,16,320,112,224,528,320,4.0,0.227490976453,0.106666666667
6e83b58f-7446-4d94-81da-ab17c093f47d_0014,416,64,352,608,288,560,4.0,0.325532793999,0.106666666667
6e83b58f-7446-4d94-81da-ab17c093f47d_0014,64,304,384,272,528,592,4.0,0.262728840113,0.106666666667
6e83b58f-7446-4d94-81da-ab17c093f47d_0014,304,112,256,512,352,480,2.0,0.236538097262,0.106666666667
6e83b58f-7446-4d94-81da-ab17c093f47d_0017,256,16,320,512,208,544,4.0,0.337642997503,0.106666666667
6e83b58f-7446-4d94-81da-ab17c093f47d_0017,320,144,0,544,368,192,4.0,0.327735573053,0.106666666667
6e83b58f-7446-4d94-81da-ab17c093f47d_0017,320,144,112,544,368,320,4.0,0.327735573053,0.106666666667
6e83b58f-7446-4d94-81da-ab17c093f47d_0017,80,96,64,336,320,320,7.0,0.318359732628,0.106666666667
6e83b58f-7446-4d94-81da-ab17c093f47d_0017,352,400,416,576,592,592,4.0,0.285299897194,0.106666666667
6e83b58f-7446-4d94-81da-ab17c093f47d_0017,96,80,320,320,304,544,4.0,0.282468706369,0.106666666667
6e83b58f-7446-4d94-81da-ab17c093f47d_0017,224,144,0,448,400,192,6.0,0.236342936754,0.106666666667
6e83b58f-7446-4d94-81da-ab17c093f47d_0017,400,32,288,592,256,512,4.0,0.235754132271,0.106666666667
6e83b58f-7446-4d94-81da-ab17c093f47d_0016,272,288,0,592,592,304,5.0,0.540275871754,0.106666666667
6e83b58f-7446-4d94-81da-ab17c093f47d_0016,144,384,96,368,592,320,4.0,0.338378787041,0.106666666667
6e83b58f-7446-4d94-81da-ab17c093f47d_0016,80,96,224,320,352,432,6.0,0.335946261883,0.106666666667
6e83b58f-7446-4d94-81da-ab17c093f47d_0016,16,0,48,192,192,272,4.0,0.334983170033,0.106666666667
6e83b58f-7446-4d94-81da-ab17c093f47d_0016,304,48,272,528,256,496,4.0,0.32611104846,0.106666666667
6e83b58f-7446-4d94-81da-ab17c093f47d_0016,176,320,288,416,528,512,4.0,0.280977666378,0.106666666667
6e83b58f-7446-4d94-81da-ab17c093f47d_0016,144,288,400,400,560,608,6.0,0.277163624763,0.106666666667
6e83b58f-7446-4d94-81da-ab17c093f47d_0016,464,16,288,608,160,496,8.0,0.2106269449,0.106666666667
6e83b58f-7446-4d94-81da-ab17c093f47d_0016,320,320,32,528,528,224,8.0,0.187104746699,0.106666666667
6e83b58f-7446-4d94-81da-ab17c093f47d_0016,16,480,448,160,592,608,8.0,0.183905363083,0.106666666667
6e83b58f-7446-4d94-81da-ab17c093f47d_0011,16,64,256,208,288,464,4.0,0.295514255762,0.106666666667
6e83b58f-7446-4d94-81da-ab17c093f47d_0010,80,80,96,416,416,352,5.0,0.653494477272,0.106666666667
6e83b58f-7446-4d94-81da-ab17c093f47d_0010,224,304,320,560,608,608,5.0,0.597212612629,0.106666666667
6e83b58f-7446-4d94-81da-ab17c093f47d_0013,96,96,0,416,384,320,5.0,0.622739374638,0.106666666667
6e83b58f-7446-4d94-81da-ab17c093f47d_0013,80,384,304,384,608,576,1.0,0.371260941029,0.106666666667
6e83b58f-7446-4d94-81da-ab17c093f47d_0013,160,368,0,384,592,176,4.0,0.216344490647,0.106666666667
6e83b58f-7446-4d94-81da-ab17c093f47d_0013,192,16,48,448,224,288,7.0,0.20225200057,0.106666666667
6e83b58f-7446-4d94-81da-ab17c093f47d_0012,80,48,208,400,336,560,5.0,0.588282167912,0.106666666667
6e83b58f-7446-4d94-81da-ab17c093f47d_0012,16,272,48,336,576,320,1.0,0.56047052145,0.106666666667
6e83b58f-7446-4d94-81da-ab17c093f47d_0012,272,384,176,496,608,432,7.0,0.336777627468,0.106666666667
6e83b58f-7446-4d94-81da-ab17c093f47d_0012,240,480,208,448,592,400,8.0,0.249951824546,0.106666666667
6e83b58f-7446-4d94-81da-ab17c093f47d_0012,464,368,112,592,608,320,4.0,0.222458153963,0.106666666667
6e83b58f-7446-4d94-81da-ab17c093f47d_0012,176,224,464,416,464,592,10.0,0.147375136614,0.106666666667
6e83b58f-7446-4d94-81da-ab17c093f47d_0019,32,32,240,336,352,576,5.0,0.508364021778,0.106666666667
6e83b58f-7446-4d94-81da-ab17c093f47d_0019,240,240,224,544,528,528,1.0,0.378797858953,0.106666666667
6e83b58f-7446-4d94-81da-ab17c093f47d_0019,160,16,16,416,256,272,7.0,0.28783223033,0.106666666667
6e83b58f-7446-4d94-81da-ab17c093f47d_0019,16,80,304,176,304,528,4.0,0.271317481995,0.106666666667
6e83b58f-7446-4d94-81da-ab17c093f47d_0019,176,16,144,416,192,384,4.0,0.238721102476,0.106666666667
6e83b58f-7446-4d94-81da-ab17c093f47d_0019,16,288,0,176,528,128,4.0,0.221238896251,0.106666666667
6e83b58f-7446-4d94-81da-ab17c093f47d_0018,304,112,112,528,336,336,4.0,0.376678615808,0.106666666667
6e83b58f-7446-4d94-81da-ab17c093f47d_0018,16,352,256,224,576,528,1.0,0.362683922052,0.106666666667
6e83b58f-7446-4d94-81da-ab17c093f47d_0018,416,288,64,592,576,352,1.0,0.327249825001,0.106666666667
6e83b58f-7446-4d94-81da-ab17c093f47d_0018,480,16,96,592,208,304,4.0,0.323356807232,0.106666666667
6e83b58f-7446-4d94-81da-ab17c093f47d_0018,416,288,240,592,512,432,4.0,0.290100067854,0.106666666667
6e83b58f-7446-4d94-81da-ab17c093f47d_0018,96,16,0,320,224,176,4.0,0.285865664482,0.106666666667
6e83b58f-7446-4d94-81da-ab17c093f47d_0018,64,480,48,320,592,304,6.0,0.243771314621,0.106666666667
b6e24c7e-cea6-44c4-8bed-d907520f1567_0049,352,0,352,576,208,560,3.0,0.13129991293,0.106666666667
b6e24c7e-cea6-44c4-8bed-d907520f1567_0045,224,240,128,560,560,464,5.0,0.729732453823,0.106666666667
b6e24c7e-cea6-44c4-8bed-d907520f1567_0045,176,272,80,400,496,320,4.0,0.330071151257,0.106666666667
b6e24c7e-cea6-44c4-8bed-d907520f1567_0045,176,272,176,400,496,384,4.0,0.330071151257,0.106666666667
b6e24c7e-cea6-44c4-8bed-d907520f1567_0040,384,96,208,592,336,512,4.0,0.30386787653,0.106666666667
b6e24c7e-cea6-44c4-8bed-d907520f1567_0040,144,80,160,448,448,496,5.0,0.279579937458,0.106666666667
b6e24c7e-cea6-44c4-8bed-d907520f1567_0042,16,0,288,240,224,544,7.0,0.287267357111,0.106666666667
b6e24c7e-cea6-44c4-8bed-d907520f1567_0042,48,400,0,368,608,192,1.0,0.274402886629,0.106666666667
b6e24c7e-cea6-44c4-8bed-d907520f1567_0042,48,176,0,368,464,192,1.0,0.274402886629,0.106666666667
6e83b58f-7446-4d94-81da-ab17c093f47d_0006,192,256,16,512,592,320,5.0,0.645232796669,0.106666666667
6e83b58f-7446-4d94-81da-ab17c093f47d_0006,16,96,256,240,416,560,5.0,0.471446812153,0.106666666667
6e83b58f-7446-4d94-81da-ab17c093f47d_0006,256,32,16,608,352,320,5.0,0.37221711874,0.106666666667
6e83b58f-7446-4d94-81da-ab17c093f47d_0006,64,112,128,304,352,368,6.0,0.315142035484,0.106666666667
6e83b58f-7446-4d94-81da-ab17c093f47d_0004,192,256,352,512,592,592,5.0,0.773827195168,0.106666666667
6e83b58f-7446-4d94-81da-ab17c093f47d_0004,368,160,192,608,432,448,1.0,0.411627352238,0.106666666667
6e83b58f-7446-4d94-81da-ab17c093f47d_0004,368,160,272,608,432,592,1.0,0.411627352238,0.106666666667
6e83b58f-7446-4d94-81da-ab17c093f47d_0004,64,464,272,304,592,512,6.0,0.348348408937,0.106666666667
6e83b58f-7446-4d94-81da-ab17c093f47d_0004,16,320,144,224,512,352,8.0,0.255269646645,0.106666666667
6e83b58f-7446-4d94-81da-ab17c093f47d_0004,208,352,0,432,608,256,5.0,0.24421620369,0.106666666667
6e83b58f-7446-4d94-81da-ab17c093f47d_0004,336,416,208,592,592,512,5.0,0.2397326231,0.106666666667
6e83b58f-7446-4d94-81da-ab17c093f47d_0004,144,80,256,336,272,448,8.0,0.239537805319,0.106666666667
6e83b58f-7446-4d94-81da-ab17c093f47d_0004,208,64,432,448,304,592,6.0,0.22585721314,0.106666666667
6e83b58f-7446-4d94-81da-ab17c093f47d_0004,400,64,432,608,304,592,6.0,0.22585721314,0.106666666667
6e83b58f-7446-4d94-81da-ab17c093f47d_0004,464,96,16,592,304,208,4.0,0.20125593245,0.106666666667
6e83b58f-7446-4d94-81da-ab17c093f47d_0005,32,-16,48,336,240,336,5.0,0.489754080772,0.106666666667
6e83b58f-7446-4d94-81da-ab17c093f47d_0005,128,400,16,416,592,160,1.0,0.230344176292,0.106666666667
6e83b58f-7446-4d94-81da-ab17c093f47d_0002,256,480,64,480,592,288,4.0,0.409196227789,0.106666666667
6e83b58f-7446-4d94-81da-ab17c093f47d_0002,288,80,48,528,304,272,4.0,0.394751757383,0.106666666667
6e83b58f-7446-4d94-81da-ab17c093f47d_0002,96,208,80,336,432,304,4.0,0.380843341351,0.106666666667
6e83b58f-7446-4d94-81da-ab17c093f47d_0002,384,304,384,592,528,592,4.0,0.376884430647,0.106666666667
6e83b58f-7446-4d94-81da-ab17c093f47d_0002,80,64,208,304,272,432,4.0,0.348867624998,0.106666666667
6e83b58f-7446-4d94-81da-ab17c093f47d_0002,288,64,208,528,288,448,6.0,0.294747173786,0.106666666667
6e83b58f-7446-4d94-81da-ab17c093f47d_0002,464,432,80,592,592,320,6.0,0.209305673838,0.106666666667
6e83b58f-7446-4d94-81da-ab17c093f47d_0002,64,416,96,272,576,288,8.0,0.175218641758,0.106666666667
6e83b58f-7446-4d94-81da-ab17c093f47d_0002,48,256,464,272,480,592,4.0,0.150050848722,0.106666666667
6e83b58f-7446-4d94-81da-ab17c093f47d_0003,176,32,0,496,352,208,5.0,0.622089385986,0.106666666667
6e83b58f-7446-4d94-81da-ab17c093f47d_0003,368,368,368,592,576,592,4.0,0.392668068409,0.106666666667
6e83b58f-7446-4d94-81da-ab17c093f47d_0003,64,256,320,304,480,528,4.0,0.388917535543,0.106666666667
6e83b58f-7446-4d94-81da-ab17c093f47d_0003,224,288,144,464,512,368,4.0,0.367090791464,0.106666666667
6e83b58f-7446-4d94-81da-ab17c093f47d_0003,0,272,384,176,496,592,4.0,0.354179084301,0.106666666667
6e83b58f-7446-4d94-81da-ab17c093f47d_0003,64,176,304,304,368,528,4.0,0.340451896191,0.106666666667
6e83b58f-7446-4d94-81da-ab17c093f47d_0003,32,176,112,256,416,320,4.0,0.29349181056,0.106666666667
6e83b58f-7446-4d94-81da-ab17c093f47d_0003,144,0,160,368,208,416,7.0,0.288423359394,0.106666666667
6e83b58f-7446-4d94-81da-ab17c093f47d_0003,256,16,64,480,128,288,2.0,0.213828235865,0.106666666667
6e83b58f-7446-4d94-81da-ab17c093f47d_0000,272,256,272,560,576,592,5.0,0.457465738058,0.106666666667
6e83b58f-7446-4d94-81da-ab17c093f47d_0000,464,144,224,608,368,432,4.0,0.382128536701,0.106666666667
6e83b58f-7446-4d94-81da-ab17c093f47d_0000,272,256,192,496,480,400,4.0,0.380598187447,0.106666666667
6e83b58f-7446-4d94-81da-ab17c093f47d_0000,80,368,272,304,592,480,4.0,0.337154000998,0.106666666667
6e83b58f-7446-4d94-81da-ab17c093f47d_0000,368,48,160,592,272,384,4.0,0.315956473351,0.106666666667
6e83b58f-7446-4d94-81da-ab17c093f47d_0000,80,16,336,288,208,576,8.0,0.258143037558,0.106666666667
6e83b58f-7446-4d94-81da-ab17c093f47d_0000,208,16,448,416,208,592,8.0,0.243220195174,0.106666666667
6e83b58f-7446-4d94-81da-ab17c093f47d_0000,112,448,400,336,592,592,4.0,0.23436807096,0.106666666667
6e83b58f-7446-4d94-81da-ab17c093f47d_0000,80,336,48,336,576,256,4.0,0.169919580221,0.106666666667
6e83b58f-7446-4d94-81da-ab17c093f47d_0001,32,0,320,352,336,592,5.0,0.695462107658,0.106666666667
6e83b58f-7446-4d94-81da-ab17c093f47d_0001,256,256,256,480,480,464,4.0,0.373162508011,0.106666666667
6e83b58f-7446-4d94-81da-ab17c093f47d_0001,368,352,352,592,576,576,4.0,0.345113158226,0.106666666667
6e83b58f-7446-4d94-81da-ab17c093f47d_0001,64,336,240,288,576,448,4.0,0.333718895912,0.106666666667
6e83b58f-7446-4d94-81da-ab17c093f47d_0001,32,192,352,352,416,576,4.0,0.323588073254,0.106666666667
6e83b58f-7446-4d94-81da-ab17c093f47d_0001,32,16,320,288,224,544,4.0,0.317057341337,0.106666666667
6e83b58f-7446-4d94-81da-ab17c093f47d_0001,224,80,368,448,352,608,7.0,0.309779345989,0.106666666667
6e83b58f-7446-4d94-81da-ab17c093f47d_0001,48,32,16,256,256,224,4.0,0.309017658234,0.106666666667
6e83b58f-7446-4d94-81da-ab17c093f47d_0001,48,128,224,272,336,448,4.0,0.30128377676,0.106666666667
6e83b58f-7446-4d94-81da-ab17c093f47d_0001,48,16,224,272,192,448,4.0,0.301159530878,0.106666666667
6e83b58f-7446-4d94-81da-ab17c093f47d_0001,80,480,416,320,592,592,4.0,0.289910167456,0.106666666667
6e83b58f-7446-4d94-81da-ab17c093f47d_0001,112,240,80,336,464,304,4.0,0.265542596579,0.106666666667
6e83b58f-7446-4d94-81da-ab17c093f47d_0008,64,240,80,384,592,416,5.0,0.778495192528,0.106666666667
6e83b58f-7446-4d94-81da-ab17c093f47d_0008,48,192,256,384,560,592,5.0,0.587298214436,0.106666666667
6e83b58f-7446-4d94-81da-ab17c093f47d_0009,128,128,192,512,448,528,5.0,0.720751285553,0.106666666667
b6e24c7e-cea6-44c4-8bed-d907520f1567_0058,256,400,160,576,592,464,1.0,0.306457072496,0.106666666667
b6e24c7e-cea6-44c4-8bed-d907520f1567_0058,400,240,208,592,480,512,5.0,0.214508280158,0.106666666667
b6e24c7e-cea6-44c4-8bed-d907520f1567_0058,368,464,240,592,592,448,8.0,0.201291456819,0.106666666667
b6e24c7e-cea6-44c4-8bed-d907520f1567_0052,80,112,0,384,416,256,1.0,0.438282608986,0.106666666667
b6e24c7e-cea6-44c4-8bed-d907520f1567_0052,304,224,96,528,432,320,4.0,0.381676822901,0.106666666667
b6e24c7e-cea6-44c4-8bed-d907520f1567_0052,288,112,352,512,336,576,4.0,0.340103209019,0.106666666667
b6e24c7e-cea6-44c4-8bed-d907520f1567_0052,224,320,400,448,544,592,4.0,0.289548963308,0.106666666667
b6e24c7e-cea6-44c4-8bed-d907520f1567_0052,304,80,80,528,288,304,4.0,0.288284778595,0.106666666667
b6e24c7e-cea6-44c4-8bed-d907520f1567_0052,384,464,304,592,592,496,8.0,0.251445859671,0.106666666667
b6e24c7e-cea6-44c4-8bed-d907520f1567_0053,0,48,128,208,352,448,5.0,0.686358630657,0.106666666667
b6e24c7e-cea6-44c4-8bed-d907520f1567_0053,96,0,48,416,272,368,5.0,0.62229013443,0.106666666667
b6e24c7e-cea6-44c4-8bed-d907520f1567_0053,64,160,-16,384,480,256,5.0,0.621321856976,0.106666666667
b6e24c7e-cea6-44c4-8bed-d907520f1567_0053,272,320,48,576,576,336,1.0,0.542838096619,0.106666666667
b6e24c7e-cea6-44c4-8bed-d907520f1567_0053,16,288,304,256,544,528,6.0,0.329421520233,0.106666666667
b6e24c7e-cea6-44c4-8bed-d907520f1567_0053,192,336,304,464,544,576,7.0,0.309293031693,0.106666666667
b6e24c7e-cea6-44c4-8bed-d907520f1567_0053,448,16,288,592,208,544,11.0,0.272168338299,0.106666666667
b6e24c7e-cea6-44c4-8bed-d907520f1567_0053,96,128,0,320,368,176,4.0,0.237396746874,0.106666666667
6e83b58f-7446-4d94-81da-ab17c093f47d_0080,176,176,0,400,400,192,4.0,0.30239495635,0.106666666667
6e83b58f-7446-4d94-81da-ab17c093f47d_0080,208,224,320,432,448,544,4.0,0.247802197933,0.106666666667
6e83b58f-7446-4d94-81da-ab17c093f47d_0080,256,16,240,480,128,464,2.0,0.20859323442,0.106666666667
6e83b58f-7446-4d94-81da-ab17c093f47d_0080,64,352,16,272,560,176,8.0,0.184170678258,0.106666666667
6e83b58f-7446-4d94-81da-ab17c093f47d_0080,256,16,336,480,128,560,0.0,0.130982860923,0.106666666667
b6e24c7e-cea6-44c4-8bed-d907520f1567_0051,352,240,336,608,576,592,5.0,0.467635005713,0.106666666667
b6e24c7e-cea6-44c4-8bed-d907520f1567_0051,64,176,16,336,432,240,11.0,0.224086612463,0.106666666667
b6e24c7e-cea6-44c4-8bed-d907520f1567_0063,176,240,16,496,576,192,5.0,0.630771100521,0.106666666667
b6e24c7e-cea6-44c4-8bed-d907520f1567_0063,128,144,144,448,496,464,5.0,0.609521389008,0.106666666667
b6e24c7e-cea6-44c4-8bed-d907520f1567_0063,112,64,112,400,384,448,5.0,0.511331737041,0.106666666667
b6e24c7e-cea6-44c4-8bed-d907520f1567_0063,128,128,176,336,336,400,4.0,0.338443994522,0.106666666667
b6e24c7e-cea6-44c4-8bed-d907520f1567_0063,16,16,16,224,240,240,11.0,0.322385489941,0.106666666667
b6e24c7e-cea6-44c4-8bed-d907520f1567_0063,208,16,176,448,208,464,5.0,0.302833884954,0.106666666667
b6e24c7e-cea6-44c4-8bed-d907520f1567_0063,144,208,16,384,432,176,4.0,0.193737238646,0.106666666667
b6e24c7e-cea6-44c4-8bed-d907520f1567_0063,208,208,16,496,432,192,6.0,0.184252679348,0.106666666667
b6e24c7e-cea6-44c4-8bed-d907520f1567_0062,32,336,0,336,608,320,5.0,0.599752187729,0.106666666667
b6e24c7e-cea6-44c4-8bed-d907520f1567_0062,192,144,0,448,416,144,7.0,0.30773037672,0.106666666667
b6e24c7e-cea6-44c4-8bed-d907520f1567_0061,272,288,336,496,512,544,4.0,0.378269612789,0.106666666667
b6e24c7e-cea6-44c4-8bed-d907520f1567_0061,64,176,256,272,384,464,4.0,0.332539975643,0.106666666667
b6e24c7e-cea6-44c4-8bed-d907520f1567_0061,80,368,384,304,576,592,4.0,0.318768322468,0.106666666667
b6e24c7e-cea6-44c4-8bed-d907520f1567_0061,0,400,48,256,592,352,5.0,0.284145414829,0.106666666667
b6e24c7e-cea6-44c4-8bed-d907520f1567_0061,128,48,416,352,304,608,4.0,0.266245663166,0.106666666667
b6e24c7e-cea6-44c4-8bed-d907520f1567_0060,416,256,64,608,544,352,1.0,0.432732343674,0.106666666667
b6e24c7e-cea6-44c4-8bed-d907520f1567_0060,128,208,48,352,416,272,4.0,0.359896123409,0.106666666667
b6e24c7e-cea6-44c4-8bed-d907520f1567_0060,240,400,112,464,592,336,4.0,0.336968332529,0.106666666667
b6e24c7e-cea6-44c4-8bed-d907520f1567_0060,240,272,240,464,496,448,4.0,0.304086774588,0.106666666667
b6e24c7e-cea6-44c4-8bed-d907520f1567_0060,304,304,384,544,528,592,6.0,0.284346938133,0.106666666667
b6e24c7e-cea6-44c4-8bed-d907520f1567_0060,96,432,288,288,592,480,8.0,0.197039172053,0.106666666667
b6e24c7e-cea6-44c4-8bed-d907520f1567_0067,336,272,0,608,496,288,5.0,0.359133839607,0.106666666667
b6e24c7e-cea6-44c4-8bed-d907520f1567_0067,352,0,336,576,176,560,0.0,0.143025308847,0.106666666667
b6e24c7e-cea6-44c4-8bed-d907520f1567_0064,320,352,16,544,576,144,4.0,0.291339188814,0.106666666667
b6e24c7e-cea6-44c4-8bed-d907520f1567_0064,16,64,80,160,320,352,7.0,0.149516552687,0.106666666667
6e83b58f-7446-4d94-81da-ab17c093f47d_0038,96,208,192,416,560,544,5.0,0.6790574193,0.106666666667
6e83b58f-7446-4d94-81da-ab17c093f47d_0033,320,0,304,528,160,528,4.0,0.230051070452,0.106666666667
6e83b58f-7446-4d94-81da-ab17c093f47d_0032,112,0,16,432,320,336,5.0,0.762057721615,0.106666666667
6e83b58f-7446-4d94-81da-ab17c093f47d_0032,384,400,224,592,592,448,4.0,0.226721137762,0.106666666667
6e83b58f-7446-4d94-81da-ab17c093f47d_0031,256,16,304,512,208,560,11.0,0.228025361896,0.106666666667
6e83b58f-7446-4d94-81da-ab17c093f47d_0031,352,112,32,592,368,320,5.0,0.218540355563,0.106666666667
6e83b58f-7446-4d94-81da-ab17c093f47d_0030,32,32,16,192,352,352,5.0,0.72120732069,0.106666666667
6e83b58f-7446-4d94-81da-ab17c093f47d_0030,32,192,160,352,496,512,5.0,0.5512342453,0.106666666667
6e83b58f-7446-4d94-81da-ab17c093f47d_0030,48,0,16,336,176,160,5.0,0.329553514719,0.106666666667
6e83b58f-7446-4d94-81da-ab17c093f47d_0037,112,208,112,432,544,448,5.0,0.833348095417,0.106666666667
6e83b58f-7446-4d94-81da-ab17c093f47d_0037,208,16,240,528,336,576,5.0,0.807884037495,0.106666666667
6e83b58f-7446-4d94-81da-ab17c093f47d_0037,16,400,48,336,592,384,5.0,0.584379553795,0.106666666667
6e83b58f-7446-4d94-81da-ab17c093f47d_0037,240,112,0,464,416,224,5.0,0.360949039459,0.106666666667
6e83b58f-7446-4d94-81da-ab17c093f47d_0037,192,80,304,416,320,512,4.0,0.309909015894,0.106666666667
b6e24c7e-cea6-44c4-8bed-d907520f1567_0074,272,400,96,592,592,416,5.0,0.429918259382,0.106666666667
b6e24c7e-cea6-44c4-8bed-d907520f1567_0074,304,160,320,528,416,528,4.0,0.351291537285,0.106666666667
b6e24c7e-cea6-44c4-8bed-d907520f1567_0074,256,160,384,560,416,592,1.0,0.329358041286,0.106666666667
b6e24c7e-cea6-44c4-8bed-d907520f1567_0074,96,320,320,336,544,528,4.0,0.319040596485,0.106666666667
b6e24c7e-cea6-44c4-8bed-d907520f1567_0074,112,96,240,352,336,496,6.0,0.294724792242,0.106666666667
b6e24c7e-cea6-44c4-8bed-d907520f1567_0075,128,16,16,384,192,240,4.0,0.354233145714,0.106666666667
b6e24c7e-cea6-44c4-8bed-d907520f1567_0075,288,384,64,528,592,288,4.0,0.320096880198,0.106666666667
b6e24c7e-cea6-44c4-8bed-d907520f1567_0075,272,256,16,512,480,224,4.0,0.256094932556,0.106666666667
b6e24c7e-cea6-44c4-8bed-d907520f1567_0072,304,288,0,608,576,336,5.0,0.736731946468,0.106666666667
b6e24c7e-cea6-44c4-8bed-d907520f1567_0072,304,272,112,608,592,432,5.0,0.529091477394,0.106666666667
b6e24c7e-cea6-44c4-8bed-d907520f1567_0072,256,96,384,576,432,592,5.0,0.496001541615,0.106666666667
b6e24c7e-cea6-44c4-8bed-d907520f1567_0072,32,352,224,336,608,560,5.0,0.444387763739,0.106666666667
b6e24c7e-cea6-44c4-8bed-d907520f1567_0072,240,0,384,608,160,592,5.0,0.383921921253,0.106666666667
6e83b58f-7446-4d94-81da-ab17c093f47d_0028,80,32,0,384,320,208,1.0,0.373580664396,0.106666666667
6e83b58f-7446-4d94-81da-ab17c093f47d_0028,96,272,272,352,592,576,5.0,0.369771629572,0.106666666667
6e83b58f-7446-4d94-81da-ab17c093f47d_0028,0,16,48,208,224,304,7.0,0.343297690153,0.106666666667
6e83b58f-7446-4d94-81da-ab17c093f47d_0029,208,336,0,528,592,192,1.0,0.463492393494,0.106666666667
6e83b58f-7446-4d94-81da-ab17c093f47d_0029,16,304,368,176,528,576,4.0,0.328206986189,0.106666666667
6e83b58f-7446-4d94-81da-ab17c093f47d_0024,0,96,0,208,320,176,4.0,0.230466365814,0.106666666667
6e83b58f-7446-4d94-81da-ab17c093f47d_0025,256,0,16,576,288,352,5.0,0.572315394878,0.106666666667
6e83b58f-7446-4d94-81da-ab17c093f47d_0025,144,80,0,464,400,320,5.0,0.445199340582,0.106666666667
6e83b58f-7446-4d94-81da-ab17c093f47d_0025,96,192,112,288,416,320,9.0,0.273784458637,0.106666666667
6e83b58f-7446-4d94-81da-ab17c093f47d_0025,32,0,64,272,160,288,4.0,0.249488890171,0.106666666667
6e83b58f-7446-4d94-81da-ab17c093f47d_0025,352,336,112,592,544,336,4.0,0.235981971025,0.106666666667
6e83b58f-7446-4d94-81da-ab17c093f47d_0025,352,400,400,608,576,592,5.0,0.228132352233,0.106666666667
6e83b58f-7446-4d94-81da-ab17c093f47d_0025,368,464,432,624,592,576,1.0,0.194978386164,0.106666666667
6e83b58f-7446-4d94-81da-ab17c093f47d_0025,0,112,224,176,304,448,8.0,0.175602629781,0.106666666667
6e83b58f-7446-4d94-81da-ab17c093f47d_0026,16,0,48,288,320,368,5.0,0.536451458931,0.106666666667
6e83b58f-7446-4d94-81da-ab17c093f47d_0026,176,0,48,480,272,368,5.0,0.312113076448,0.106666666667
6e83b58f-7446-4d94-81da-ab17c093f47d_0026,0,16,96,224,224,304,4.0,0.248718306422,0.106666666667
6e83b58f-7446-4d94-81da-ab17c093f47d_0026,368,240,80,576,464,336,4.0,0.246166005731,0.106666666667
6e83b58f-7446-4d94-81da-ab17c093f47d_0026,144,288,0,368,512,176,4.0,0.188483670354,0.106666666667
6e83b58f-7446-4d94-81da-ab17c093f47d_0027,272,288,272,496,496,464,4.0,0.34384098649,0.106666666667
6e83b58f-7446-4d94-81da-ab17c093f47d_0027,64,432,256,352,576,496,1.0,0.213396206498,0.106666666667
6e83b58f-7446-4d94-81da-ab17c093f47d_0020,16,288,0,224,512,208,11.0,0.294869303703,0.106666666667
6e83b58f-7446-4d94-81da-ab17c093f47d_0020,0,16,64,256,256,368,5.0,0.271549344063,0.106666666667
6e83b58f-7446-4d94-81da-ab17c093f47d_0020,336,0,0,560,208,176,4.0,0.222540408373,0.106666666667
6e83b58f-7446-4d94-81da-ab17c093f47d_0021,448,208,368,608,432,560,4.0,0.287076592445,0.106666666667
6e83b58f-7446-4d94-81da-ab17c093f47d_0021,32,16,16,272,144,256,6.0,0.282054066658,0.106666666667
6e83b58f-7446-4d94-81da-ab17c093f47d_0022,288,384,160,528,608,368,4.0,0.362865328789,0.106666666667
6e83b58f-7446-4d94-81da-ab17c093f47d_0022,304,320,128,528,528,368,4.0,0.287720173597,0.106666666667
6e83b58f-7446-4d94-81da-ab17c093f47d_0023,176,384,288,432,608,528,6.0,0.224204748869,0.106666666667
6e83b58f-7446-4d94-81da-ab17c093f47d_0058,256,96,-16,560,416,304,5.0,0.711590051651,0.106666666667
6e83b58f-7446-4d94-81da-ab17c093f47d_0058,32,432,112,288,576,320,1.0,0.313971877098,0.106666666667
6e83b58f-7446-4d94-81da-ab17c093f47d_0051,224,48,224,544,384,544,5.0,0.763374567032,0.106666666667
6e83b58f-7446-4d94-81da-ab17c093f47d_0051,272,16,0,592,320,256,5.0,0.351974517107,0.106666666667
6e83b58f-7446-4d94-81da-ab17c093f47d_0050,352,0,368,608,288,592,5.0,0.371789842844,0.106666666667
6e83b58f-7446-4d94-81da-ab17c093f47d_0050,0,288,384,256,608,592,7.0,0.253412216902,0.106666666667
6e83b58f-7446-4d94-81da-ab17c093f47d_0053,304,0,128,544,224,368,6.0,0.175285160542,0.106666666667
6e83b58f-7446-4d94-81da-ab17c093f47d_0053,144,192,16,384,416,208,4.0,0.165352657437,0.106666666667
6e83b58f-7446-4d94-81da-ab17c093f47d_0055,96,240,192,320,496,448,7.0,0.246618241072,0.106666666667
6e83b58f-7446-4d94-81da-ab17c093f47d_0055,0,192,16,192,416,208,4.0,0.228653296828,0.106666666667
6e83b58f-7446-4d94-81da-ab17c093f47d_0054,368,464,144,608,576,480,5.0,0.501603722572,0.106666666667
6e83b58f-7446-4d94-81da-ab17c093f47d_0057,128,128,288,464,464,592,5.0,0.512439608574,0.106666666667
6e83b58f-7446-4d94-81da-ab17c093f47d_0057,80,48,176,416,384,512,5.0,0.487847775221,0.106666666667
6e83b58f-7446-4d94-81da-ab17c093f47d_0057,336,320,160,576,560,432,6.0,0.396862864494,0.106666666667
6e83b58f-7446-4d94-81da-ab17c093f47d_0057,304,96,0,528,416,240,1.0,0.379595011473,0.106666666667
6e83b58f-7446-4d94-81da-ab17c093f47d_0056,224,272,64,528,592,384,5.0,0.644976258278,0.106666666667
6e83b58f-7446-4d94-81da-ab17c093f47d_0056,48,272,64,368,592,384,5.0,0.644976258278,0.106666666667
6e83b58f-7446-4d94-81da-ab17c093f47d_0056,368,48,0,608,368,336,5.0,0.520790815353,0.106666666667
6e83b58f-7446-4d94-81da-ab17c093f47d_0056,48,16,336,352,240,592,1.0,0.48281276226,0.106666666667
6e83b58f-7446-4d94-81da-ab17c093f47d_0056,384,272,272,592,480,496,4.0,0.30553239584,0.106666666667
6e83b58f-7446-4d94-81da-ab17c093f47d_0056,304,96,224,544,288,464,6.0,0.30164667964,0.106666666667
6e83b58f-7446-4d94-81da-ab17c093f47d_0056,256,96,368,496,336,592,6.0,0.27644097805,0.106666666667
6e83b58f-7446-4d94-81da-ab17c093f47d_0056,272,352,400,480,576,592,4.0,0.261744946241,0.106666666667
6e83b58f-7446-4d94-81da-ab17c093f47d_0056,192,352,400,416,576,592,4.0,0.261744946241,0.106666666667
6e83b58f-7446-4d94-81da-ab17c093f47d_0056,192,32,48,416,256,272,4.0,0.233800634742,0.106666666667
b6e24c7e-cea6-44c4-8bed-d907520f1567_0001,336,240,304,592,464,576,7.0,0.374129533768,0.106666666667
b6e24c7e-cea6-44c4-8bed-d907520f1567_0001,64,128,320,288,336,544,4.0,0.361043542624,0.106666666667
b6e24c7e-cea6-44c4-8bed-d907520f1567_0001,240,304,64,464,528,272,4.0,0.345171689987,0.106666666667
b6e24c7e-cea6-44c4-8bed-d907520f1567_0001,320,352,144,544,576,368,4.0,0.344350218773,0.106666666667
b6e24c7e-cea6-44c4-8bed-d907520f1567_0001,16,304,352,192,528,576,4.0,0.25787705183,0.106666666667
b6e24c7e-cea6-44c4-8bed-d907520f1567_0001,176,352,160,432,576,384,3.0,0.185756325722,0.106666666667
b6e24c7e-cea6-44c4-8bed-d907520f1567_0000,32,112,320,352,448,608,5.0,0.5503718853,0.106666666667
b6e24c7e-cea6-44c4-8bed-d907520f1567_0000,96,176,48,320,400,256,4.0,0.34168228507,0.106666666667
b6e24c7e-cea6-44c4-8bed-d907520f1567_0000,160,272,144,384,496,384,4.0,0.325576037169,0.106666666667
b6e24c7e-cea6-44c4-8bed-d907520f1567_0000,96,80,240,352,304,448,4.0,0.301080822945,0.106666666667
b6e24c7e-cea6-44c4-8bed-d907520f1567_0000,224,48,80,448,256,288,4.0,0.289367169142,0.106666666667
b6e24c7e-cea6-44c4-8bed-d907520f1567_0000,160,352,368,384,576,592,4.0,0.288132458925,0.106666666667
b6e24c7e-cea6-44c4-8bed-d907520f1567_0000,304,416,336,544,608,576,6.0,0.282521188259,0.106666666667
b6e24c7e-cea6-44c4-8bed-d907520f1567_0000,320,368,32,560,592,240,4.0,0.252774357796,0.106666666667
b6e24c7e-cea6-44c4-8bed-d907520f1567_0000,160,480,144,400,576,384,6.0,0.250320643187,0.106666666667
b6e24c7e-cea6-44c4-8bed-d907520f1567_0003,48,272,208,256,496,432,4.0,0.389775514603,0.106666666667
b6e24c7e-cea6-44c4-8bed-d907520f1567_0003,224,80,448,496,336,592,7.0,0.377041339874,0.106666666667
b6e24c7e-cea6-44c4-8bed-d907520f1567_0003,80,64,256,304,288,480,4.0,0.355854570866,0.106666666667
b6e24c7e-cea6-44c4-8bed-d907520f1567_0003,416,112,288,608,320,512,4.0,0.312750697136,0.106666666667
b6e24c7e-cea6-44c4-8bed-d907520f1567_0003,480,0,176,592,208,384,8.0,0.204723954201,0.106666666667
b6e24c7e-cea6-44c4-8bed-d907520f1567_0002,352,144,144,576,352,368,4.0,0.432893753052,0.106666666667
b6e24c7e-cea6-44c4-8bed-d907520f1567_0002,304,320,48,608,592,384,5.0,0.406845122576,0.106666666667
b6e24c7e-cea6-44c4-8bed-d907520f1567_0002,64,384,320,368,608,592,1.0,0.378912717104,0.106666666667
b6e24c7e-cea6-44c4-8bed-d907520f1567_0002,112,32,0,368,288,176,7.0,0.362025648355,0.106666666667
b6e24c7e-cea6-44c4-8bed-d907520f1567_0002,416,80,112,592,304,320,4.0,0.343068778515,0.106666666667
b6e24c7e-cea6-44c4-8bed-d907520f1567_0002,128,208,208,368,432,464,6.0,0.295371353626,0.106666666667
b6e24c7e-cea6-44c4-8bed-d907520f1567_0002,64,80,432,304,288,592,4.0,0.246296659112,0.106666666667
b6e24c7e-cea6-44c4-8bed-d907520f1567_0002,144,208,0,400,464,288,6.0,0.217703849077,0.106666666667
b6e24c7e-cea6-44c4-8bed-d907520f1567_0005,256,208,176,560,544,512,5.0,0.631525218487,0.106666666667
b6e24c7e-cea6-44c4-8bed-d907520f1567_0005,144,96,192,368,320,400,4.0,0.393259763718,0.106666666667
b6e24c7e-cea6-44c4-8bed-d907520f1567_0005,96,0,64,416,304,304,5.0,0.386807471514,0.106666666667
b6e24c7e-cea6-44c4-8bed-d907520f1567_0005,16,256,144,256,512,384,11.0,0.338201373816,0.106666666667
b6e24c7e-cea6-44c4-8bed-d907520f1567_0004,128,224,128,384,480,368,7.0,0.359355658293,0.106666666667
b6e24c7e-cea6-44c4-8bed-d907520f1567_0004,80,48,64,304,272,256,4.0,0.316789001226,0.106666666667
b6e24c7e-cea6-44c4-8bed-d907520f1567_0004,336,0,432,592,224,592,7.0,0.216587394476,0.106666666667
b6e24c7e-cea6-44c4-8bed-d907520f1567_0004,16,208,64,176,448,272,4.0,0.192909136415,0.106666666667
b6e24c7e-cea6-44c4-8bed-d907520f1567_0007,64,224,48,384,560,384,5.0,0.77222776413,0.106666666667
b6e24c7e-cea6-44c4-8bed-d907520f1567_0007,320,304,272,608,608,608,5.0,0.312593609095,0.106666666667
b6e24c7e-cea6-44c4-8bed-d907520f1567_0007,320,336,400,608,592,592,5.0,0.244499027729,0.106666666667
b6e24c7e-cea6-44c4-8bed-d907520f1567_0007,352,416,400,560,576,592,8.0,0.182142466307,0.106666666667
b6e24c7e-cea6-44c4-8bed-d907520f1567_0006,16,112,144,192,416,480,5.0,0.619610667229,0.106666666667
b6e24c7e-cea6-44c4-8bed-d907520f1567_0008,128,128,48,448,448,384,5.0,0.695675194263,0.106666666667
6e83b58f-7446-4d94-81da-ab17c093f47d_0042,0,384,112,208,592,336,4.0,0.186499759555,0.106666666667
6e83b58f-7446-4d94-81da-ab17c093f47d_0040,464,432,144,592,608,352,4.0,0.267254173756,0.106666666667
6e83b58f-7446-4d94-81da-ab17c093f47d_0046,240,224,272,560,576,608,5.0,0.726134836674,0.106666666667
6e83b58f-7446-4d94-81da-ab17c093f47d_0047,336,112,320,608,448,608,5.0,0.494174480438,0.106666666667
6e83b58f-7446-4d94-81da-ab17c093f47d_0044,112,48,64,432,416,352,5.0,0.621563792229,0.106666666667
6e83b58f-7446-4d94-81da-ab17c093f47d_0044,304,128,128,544,336,352,4.0,0.342709004879,0.106666666667
b6e24c7e-cea6-44c4-8bed-d907520f1567_0012,368,48,80,592,272,320,4.0,0.409180521965,0.106666666667
b6e24c7e-cea6-44c4-8bed-d907520f1567_0012,176,272,128,416,528,336,6.0,0.366386473179,0.106666666667
b6e24c7e-cea6-44c4-8bed-d907520f1567_0012,128,64,64,352,272,272,4.0,0.359200567007,0.106666666667
b6e24c7e-cea6-44c4-8bed-d907520f1567_0012,128,144,272,352,384,528,4.0,0.341649025679,0.106666666667
b6e24c7e-cea6-44c4-8bed-d907520f1567_0012,336,160,192,528,368,400,9.0,0.26448738575,0.106666666667
b6e24c7e-cea6-44c4-8bed-d907520f1567_0013,16,64,16,288,304,192,1.0,0.395073890686,0.106666666667
b6e24c7e-cea6-44c4-8bed-d907520f1567_0013,80,128,304,304,368,512,4.0,0.296524435282,0.106666666667
b6e24c7e-cea6-44c4-8bed-d907520f1567_0013,256,256,16,496,480,224,4.0,0.242284461856,0.106666666667
b6e24c7e-cea6-44c4-8bed-d907520f1567_0010,96,192,0,416,528,224,5.0,0.763665020466,0.106666666667
b6e24c7e-cea6-44c4-8bed-d907520f1567_0010,96,352,288,448,608,592,5.0,0.52329736948,0.106666666667
b6e24c7e-cea6-44c4-8bed-d907520f1567_0010,368,112,144,560,336,352,4.0,0.371519118547,0.106666666667
b6e24c7e-cea6-44c4-8bed-d907520f1567_0010,400,336,144,608,576,368,6.0,0.312033325434,0.106666666667
b6e24c7e-cea6-44c4-8bed-d907520f1567_0010,160,368,112,384,576,320,4.0,0.310938358307,0.106666666667
b6e24c7e-cea6-44c4-8bed-d907520f1567_0010,96,0,144,400,240,384,5.0,0.291117250919,0.106666666667
b6e24c7e-cea6-44c4-8bed-d907520f1567_0010,96,0,0,400,240,224,5.0,0.291117250919,0.106666666667
b6e24c7e-cea6-44c4-8bed-d907520f1567_0011,112,80,336,448,432,608,5.0,0.52186602354,0.106666666667
b6e24c7e-cea6-44c4-8bed-d907520f1567_0011,112,16,336,448,192,608,5.0,0.334394752979,0.106666666667
b6e24c7e-cea6-44c4-8bed-d907520f1567_0016,96,96,192,320,304,416,4.0,0.378482788801,0.106666666667
b6e24c7e-cea6-44c4-8bed-d907520f1567_0016,352,256,272,592,480,496,4.0,0.370999008417,0.106666666667
b6e24c7e-cea6-44c4-8bed-d907520f1567_0016,224,304,64,432,544,304,6.0,0.368271261454,0.106666666667
b6e24c7e-cea6-44c4-8bed-d907520f1567_0016,112,304,64,336,544,304,6.0,0.368271261454,0.106666666667
b6e24c7e-cea6-44c4-8bed-d907520f1567_0016,320,384,80,528,592,288,4.0,0.33529561758,0.106666666667
b6e24c7e-cea6-44c4-8bed-d907520f1567_0016,48,160,32,256,368,240,4.0,0.32277032733,0.106666666667
b6e24c7e-cea6-44c4-8bed-d907520f1567_0016,160,160,32,368,368,240,4.0,0.32277032733,0.106666666667
b6e24c7e-cea6-44c4-8bed-d907520f1567_0016,112,432,96,336,592,320,4.0,0.29257145524,0.106666666667
b6e24c7e-cea6-44c4-8bed-d907520f1567_0016,16,400,320,160,608,560,4.0,0.263346940279,0.106666666667
b6e24c7e-cea6-44c4-8bed-d907520f1567_0016,128,288,384,352,528,592,4.0,0.212563917041,0.106666666667
b6e24c7e-cea6-44c4-8bed-d907520f1567_0016,64,128,432,288,368,592,4.0,0.147400423884,0.106666666667
b6e24c7e-cea6-44c4-8bed-d907520f1567_0017,64,0,0,368,320,320,5.0,0.54374486208,0.106666666667
b6e24c7e-cea6-44c4-8bed-d907520f1567_0017,368,80,96,592,304,320,4.0,0.375504881144,0.106666666667
b6e24c7e-cea6-44c4-8bed-d907520f1567_0017,80,304,176,304,496,384,4.0,0.374953716993,0.106666666667
b6e24c7e-cea6-44c4-8bed-d907520f1567_0017,304,16,80,544,192,320,4.0,0.361738085747,0.106666666667
b6e24c7e-cea6-44c4-8bed-d907520f1567_0017,64,48,320,304,240,528,4.0,0.341253310442,0.106666666667
b6e24c7e-cea6-44c4-8bed-d907520f1567_0017,16,48,288,208,240,512,4.0,0.330766886473,0.106666666667
b6e24c7e-cea6-44c4-8bed-d907520f1567_0017,464,272,80,592,464,288,8.0,0.242087036371,0.106666666667
b6e24c7e-cea6-44c4-8bed-d907520f1567_0017,304,16,0,544,192,160,6.0,0.237895876169,0.106666666667
b6e24c7e-cea6-44c4-8bed-d907520f1567_0017,464,336,288,592,560,544,6.0,0.209819063544,0.106666666667
b6e24c7e-cea6-44c4-8bed-d907520f1567_0014,192,192,144,416,400,352,4.0,0.411902338266,0.106666666667
b6e24c7e-cea6-44c4-8bed-d907520f1567_0014,16,272,0,352,560,288,5.0,0.382799804211,0.106666666667
b6e24c7e-cea6-44c4-8bed-d907520f1567_0014,32,0,256,256,208,464,4.0,0.382460832596,0.106666666667
b6e24c7e-cea6-44c4-8bed-d907520f1567_0014,176,96,368,400,304,576,4.0,0.329667001963,0.106666666667
b6e24c7e-cea6-44c4-8bed-d907520f1567_0014,304,32,16,544,256,192,4.0,0.288061916828,0.106666666667
b6e24c7e-cea6-44c4-8bed-d907520f1567_0014,80,336,448,304,560,592,4.0,0.272375166416,0.106666666667
b6e24c7e-cea6-44c4-8bed-d907520f1567_0014,96,16,96,320,224,288,4.0,0.246831446886,0.106666666667
b6e24c7e-cea6-44c4-8bed-d907520f1567_0014,464,272,384,592,496,592,4.0,0.237578123808,0.106666666667
b6e24c7e-cea6-44c4-8bed-d907520f1567_0015,272,288,272,512,512,480,4.0,0.382152795792,0.106666666667
b6e24c7e-cea6-44c4-8bed-d907520f1567_0015,384,0,144,608,144,400,11.0,0.335300683975,0.106666666667
b6e24c7e-cea6-44c4-8bed-d907520f1567_0015,80,32,144,304,240,400,4.0,0.314567357302,0.106666666667
b6e24c7e-cea6-44c4-8bed-d907520f1567_0015,64,240,256,288,464,464,4.0,0.31269583106,0.106666666667
b6e24c7e-cea6-44c4-8bed-d907520f1567_0015,256,112,240,480,336,464,4.0,0.242088645697,0.106666666667
b6e24c7e-cea6-44c4-8bed-d907520f1567_0018,96,272,32,336,512,224,6.0,0.356571018696,0.106666666667
b6e24c7e-cea6-44c4-8bed-d907520f1567_0018,240,256,128,464,464,336,4.0,0.284947276115,0.106666666667
b6e24c7e-cea6-44c4-8bed-d907520f1567_0018,16,64,16,224,304,304,5.0,0.282600045204,0.106666666667
b6e24c7e-cea6-44c4-8bed-d907520f1567_0018,304,304,384,576,576,592,6.0,0.26176956296,0.106666666667
b6e24c7e-cea6-44c4-8bed-d907520f1567_0018,304,144,416,576,400,592,7.0,0.258041262627,0.106666666667
b6e24c7e-cea6-44c4-8bed-d907520f1567_0018,416,32,128,608,240,352,4.0,0.236557036638,0.106666666667
b6e24c7e-cea6-44c4-8bed-d907520f1567_0018,112,480,48,320,608,240,2.0,0.226305231452,0.106666666667
b6e24c7e-cea6-44c4-8bed-d907520f1567_0018,288,448,0,512,608,160,8.0,0.208502009511,0.106666666667
b6e24c7e-cea6-44c4-8bed-d907520f1567_0018,16,400,352,176,608,576,6.0,0.183148264885,0.106666666667
b6e24c7e-cea6-44c4-8bed-d907520f1567_0018,16,352,144,144,576,368,0.0,0.135005280375,0.106666666667
b6e24c7e-cea6-44c4-8bed-d907520f1567_0019,16,96,176,320,416,528,5.0,0.563508450985,0.106666666667
b6e24c7e-cea6-44c4-8bed-d907520f1567_0019,208,208,288,448,432,512,4.0,0.313807010651,0.106666666667
b6e24c7e-cea6-44c4-8bed-d907520f1567_0019,96,16,448,352,256,592,7.0,0.263321131468,0.106666666667
6e83b58f-7446-4d94-81da-ab17c093f47d_0079,80,400,0,320,592,160,4.0,0.317571938038,0.106666666667
6e83b58f-7446-4d94-81da-ab17c093f47d_0079,160,336,128,400,544,352,4.0,0.303288280964,0.106666666667
6e83b58f-7446-4d94-81da-ab17c093f47d_0079,288,160,80,512,384,304,4.0,0.278644979,0.106666666667
6e83b58f-7446-4d94-81da-ab17c093f47d_0079,288,160,288,512,384,496,4.0,0.267303913832,0.106666666667
6e83b58f-7446-4d94-81da-ab17c093f47d_0079,0,160,16,208,384,224,4.0,0.207079231739,0.106666666667
6e83b58f-7446-4d94-81da-ab17c093f47d_0079,0,208,192,144,432,416,2.0,0.154035627842,0.106666666667
6e83b58f-7446-4d94-81da-ab17c093f47d_0078,208,208,224,528,528,560,5.0,0.773181676865,0.106666666667
6e83b58f-7446-4d94-81da-ab17c093f47d_0078,64,400,0,384,608,192,5.0,0.270207703114,0.106666666667
6e83b58f-7446-4d94-81da-ab17c093f47d_0077,0,256,288,208,480,496,4.0,0.269559293985,0.106666666667
6e83b58f-7446-4d94-81da-ab17c093f47d_0076,288,176,160,592,512,496,5.0,0.740573585033,0.106666666667
6e83b58f-7446-4d94-81da-ab17c093f47d_0076,336,368,16,560,592,240,4.0,0.338869094849,0.106666666667
6e83b58f-7446-4d94-81da-ab17c093f47d_0076,16,320,320,192,544,544,4.0,0.243070214987,0.106666666667
6e83b58f-7446-4d94-81da-ab17c093f47d_0076,0,0,0,208,224,208,11.0,0.20972533524,0.106666666667
b6e24c7e-cea6-44c4-8bed-d907520f1567_0027,0,48,-16,272,368,288,5.0,0.445044875145,0.106666666667
b6e24c7e-cea6-44c4-8bed-d907520f1567_0027,208,16,32,432,176,240,4.0,0.246429935098,0.106666666667
b6e24c7e-cea6-44c4-8bed-d907520f1567_0027,224,176,256,464,400,480,3.0,0.227857932448,0.106666666667
b6e24c7e-cea6-44c4-8bed-d907520f1567_0027,16,432,80,192,592,336,1.0,0.149260088801,0.106666666667
b6e24c7e-cea6-44c4-8bed-d907520f1567_0026,96,288,304,336,512,528,4.0,0.2920127213,0.106666666667
b6e24c7e-cea6-44c4-8bed-d907520f1567_0026,384,112,16,592,400,208,1.0,0.234978720546,0.106666666667
b6e24c7e-cea6-44c4-8bed-d907520f1567_0026,16,16,96,240,160,352,1.0,0.17299965024,0.106666666667
b6e24c7e-cea6-44c4-8bed-d907520f1567_0026,464,16,0,592,240,160,2.0,0.165519177914,0.106666666667
b6e24c7e-cea6-44c4-8bed-d907520f1567_0026,464,144,0,592,368,160,2.0,0.165519177914,0.106666666667
b6e24c7e-cea6-44c4-8bed-d907520f1567_0025,224,352,16,528,608,288,1.0,0.593527019024,0.106666666667
b6e24c7e-cea6-44c4-8bed-d907520f1567_0025,16,160,32,336,480,384,5.0,0.593067824841,0.106666666667
b6e24c7e-cea6-44c4-8bed-d907520f1567_0025,352,80,176,608,352,480,5.0,0.377086818218,0.106666666667
b6e24c7e-cea6-44c4-8bed-d907520f1567_0025,272,80,176,528,352,432,7.0,0.3371501863,0.106666666667
b6e24c7e-cea6-44c4-8bed-d907520f1567_0025,64,224,96,304,432,320,4.0,0.301796257496,0.106666666667
b6e24c7e-cea6-44c4-8bed-d907520f1567_0025,16,240,432,144,512,592,1.0,0.245845779777,0.106666666667
b6e24c7e-cea6-44c4-8bed-d907520f1567_0025,448,0,208,608,256,432,4.0,0.206549108028,0.106666666667
b6e24c7e-cea6-44c4-8bed-d907520f1567_0024,32,240,16,320,560,320,5.0,0.273804396391,0.106666666667
b6e24c7e-cea6-44c4-8bed-d907520f1567_0024,304,128,240,528,352,480,4.0,0.250497460365,0.106666666667
b6e24c7e-cea6-44c4-8bed-d907520f1567_0024,208,0,288,416,160,496,4.0,0.191884726286,0.106666666667
b6e24c7e-cea6-44c4-8bed-d907520f1567_0023,0,144,208,256,416,544,5.0,0.387615650892,0.106666666667
b6e24c7e-cea6-44c4-8bed-d907520f1567_0023,16,144,64,224,416,272,4.0,0.327263832092,0.106666666667
b6e24c7e-cea6-44c4-8bed-d907520f1567_0023,16,400,336,272,608,576,4.0,0.298561811447,0.106666666667
b6e24c7e-cea6-44c4-8bed-d907520f1567_0023,304,240,16,528,464,224,4.0,0.262396365404,0.106666666667
b6e24c7e-cea6-44c4-8bed-d907520f1567_0023,80,0,272,336,144,496,4.0,0.214419037104,0.106666666667
b6e24c7e-cea6-44c4-8bed-d907520f1567_0023,368,384,128,592,592,352,4.0,0.200684741139,0.106666666667
b6e24c7e-cea6-44c4-8bed-d907520f1567_0022,304,384,0,592,608,240,1.0,0.306508630514,0.106666666667
b6e24c7e-cea6-44c4-8bed-d907520f1567_0021,208,208,96,544,544,432,5.0,0.793652355671,0.106666666667
b6e24c7e-cea6-44c4-8bed-d907520f1567_0021,80,0,32,320,256,352,5.0,0.421523362398,0.106666666667
b6e24c7e-cea6-44c4-8bed-d907520f1567_0021,336,416,320,592,592,544,7.0,0.321947753429,0.106666666667
b6e24c7e-cea6-44c4-8bed-d907520f1567_0021,304,336,128,560,560,352,4.0,0.265955299139,0.106666666667
b6e24c7e-cea6-44c4-8bed-d907520f1567_0021,224,304,416,464,512,592,4.0,0.21946580708,0.106666666667
b6e24c7e-cea6-44c4-8bed-d907520f1567_0021,304,464,112,560,592,352,4.0,0.211872398853,0.106666666667
b6e24c7e-cea6-44c4-8bed-d907520f1567_0020,192,64,0,512,416,272,5.0,0.617118895054,0.106666666667
b6e24c7e-cea6-44c4-8bed-d907520f1567_0020,0,96,80,304,448,368,5.0,0.505894899368,0.106666666667
b6e24c7e-cea6-44c4-8bed-d907520f1567_0029,256,80,96,496,304,304,4.0,0.242678150535,0.106666666667
6e83b58f-7446-4d94-81da-ab17c093f47d_0061,16,128,384,224,352,576,4.0,0.204738453031,0.106666666667
6e83b58f-7446-4d94-81da-ab17c093f47d_0062,288,16,256,544,224,464,4.0,0.244755238295,0.106666666667
6e83b58f-7446-4d94-81da-ab17c093f47d_0062,208,16,0,448,192,192,11.0,0.199207395315,0.106666666667
6e83b58f-7446-4d94-81da-ab17c093f47d_0063,256,48,288,544,368,592,5.0,0.647797167301,0.106666666667
6e83b58f-7446-4d94-81da-ab17c093f47d_0063,176,240,160,480,576,448,1.0,0.501727163792,0.106666666667
6e83b58f-7446-4d94-81da-ab17c093f47d_0063,352,176,48,592,416,256,4.0,0.299299269915,0.106666666667
6e83b58f-7446-4d94-81da-ab17c093f47d_0064,64,64,48,320,336,288,7.0,0.280803650618,0.106666666667
6e83b58f-7446-4d94-81da-ab17c093f47d_0065,192,48,304,400,272,512,4.0,0.387230187654,0.106666666667
6e83b58f-7446-4d94-81da-ab17c093f47d_0065,304,272,224,528,496,432,4.0,0.310863226652,0.106666666667
6e83b58f-7446-4d94-81da-ab17c093f47d_0065,80,16,32,304,224,320,4.0,0.305425316095,0.106666666667
6e83b58f-7446-4d94-81da-ab17c093f47d_0065,64,224,256,304,464,496,6.0,0.283388435841,0.106666666667
6e83b58f-7446-4d94-81da-ab17c093f47d_0065,96,336,32,320,544,240,4.0,0.245509251952,0.106666666667
6e83b58f-7446-4d94-81da-ab17c093f47d_0066,224,272,32,528,496,304,1.0,0.564711153507,0.106666666667
6e83b58f-7446-4d94-81da-ab17c093f47d_0066,240,32,176,512,320,400,1.0,0.409579575062,0.106666666667
6e83b58f-7446-4d94-81da-ab17c093f47d_0066,272,192,368,512,544,592,5.0,0.369435250759,0.106666666667
6e83b58f-7446-4d94-81da-ab17c093f47d_0066,64,288,64,288,512,288,4.0,0.329928904772,0.106666666667
6e83b58f-7446-4d94-81da-ab17c093f47d_0066,64,288,16,288,512,128,4.0,0.329928904772,0.106666666667
6e83b58f-7446-4d94-81da-ab17c093f47d_0066,384,80,112,608,320,336,6.0,0.289005637169,0.106666666667
6e83b58f-7446-4d94-81da-ab17c093f47d_0066,16,64,288,176,288,512,4.0,0.281162530184,0.106666666667
6e83b58f-7446-4d94-81da-ab17c093f47d_0066,272,0,64,512,144,272,0.0,0.165297999978,0.106666666667
6e83b58f-7446-4d94-81da-ab17c093f47d_0067,272,224,48,480,432,272,4.0,0.316727548838,0.106666666667
6e83b58f-7446-4d94-81da-ab17c093f47d_0067,0,144,80,192,368,320,4.0,0.250725418329,0.106666666667
6e83b58f-7446-4d94-81da-ab17c093f47d_0067,64,336,144,256,528,352,8.0,0.250223070383,0.106666666667
6e83b58f-7446-4d94-81da-ab17c093f47d_0068,32,16,80,336,336,368,1.0,0.424307763577,0.106666666667
6e83b58f-7446-4d94-81da-ab17c093f47d_0068,352,144,16,608,464,288,5.0,0.383862316608,0.106666666667
6e83b58f-7446-4d94-81da-ab17c093f47d_0068,144,16,16,416,288,208,1.0,0.33381524682,0.106666666667
b6e24c7e-cea6-44c4-8bed-d907520f1567_0039,16,192,0,320,512,336,5.0,0.703944027424,0.106666666667
b6e24c7e-cea6-44c4-8bed-d907520f1567_0039,64,32,256,384,384,576,5.0,0.664067089558,0.106666666667
b6e24c7e-cea6-44c4-8bed-d907520f1567_0039,16,16,256,256,336,576,5.0,0.641402184963,0.106666666667
b6e24c7e-cea6-44c4-8bed-d907520f1567_0039,16,304,0,320,592,320,5.0,0.617694377899,0.106666666667
b6e24c7e-cea6-44c4-8bed-d907520f1567_0031,256,64,224,576,416,560,5.0,0.669763207436,0.106666666667
b6e24c7e-cea6-44c4-8bed-d907520f1567_0031,16,112,224,288,432,560,5.0,0.627064526081,0.106666666667
b6e24c7e-cea6-44c4-8bed-d907520f1567_0031,96,112,80,320,320,304,4.0,0.31304192543,0.106666666667
b6e24c7e-cea6-44c4-8bed-d907520f1567_0031,112,16,16,352,256,256,6.0,0.307252585888,0.106666666667
b6e24c7e-cea6-44c4-8bed-d907520f1567_0031,416,432,368,592,592,592,6.0,0.243099778891,0.106666666667
b6e24c7e-cea6-44c4-8bed-d907520f1567_0033,0,128,224,208,368,480,6.0,0.239876121283,0.106666666667
b6e24c7e-cea6-44c4-8bed-d907520f1567_0034,0,16,-16,304,336,288,5.0,0.670967578888,0.106666666667
b6e24c7e-cea6-44c4-8bed-d907520f1567_0035,0,0,0,272,240,288,1.0,0.304825484753,0.106666666667
b6e24c7e-cea6-44c4-8bed-d907520f1567_0037,16,224,0,304,448,320,5.0,0.42774695158,0.106666666667
