6e83b58f-7446-4d94-81da-ab17c093f47d_0026.npy,32,36,32,20,9.0,0.157680943608,1.0,1.0,1.0
6e83b58f-7446-4d94-81da-ab17c093f47d_0026.npy,32,36,36,20,4.0,0.173557162285,1.0,1.0,1.0
b6e24c7e-cea6-44c4-8bed-d907520f1567_0032.npy,32,36,36,20,4.0,0.172816693783,1.0,1.0,1.0
b6e24c7e-cea6-44c4-8bed-d907520f1567_0032.npy,32,32,32,24,3.0,0.226105928421,1.0,1.0,1.0
b6e24c7e-cea6-44c4-8bed-d907520f1567_0026.npy,28,36,36,20,4.0,0.177162408829,1.0,1.0,1.0
6e83b58f-7446-4d94-81da-ab17c093f47d_0048.npy,32,36,36,20,4.0,0.173293948174,1.0,1.0,1.0
b6e24c7e-cea6-44c4-8bed-d907520f1567_0023.npy,32,36,32,20,9.0,0.157565146685,1.0,1.0,1.0
b6e24c7e-cea6-44c4-8bed-d907520f1567_0023.npy,28,36,32,20,4.0,0.171130463481,1.0,1.0,1.0
b6e24c7e-cea6-44c4-8bed-d907520f1567_0048.npy,28,36,32,20,4.0,0.170722678304,1.0,1.0,1.0
b6e24c7e-cea6-44c4-8bed-d907520f1567_0020.npy,28,36,36,20,4.0,0.17739059031,1.0,1.0,1.0
b6e24c7e-cea6-44c4-8bed-d907520f1567_0010.npy,32,36,32,20,9.0,0.157451510429,1.0,1.0,1.0
b6e24c7e-cea6-44c4-8bed-d907520f1567_0010.npy,32,36,36,20,4.0,0.173296093941,1.0,1.0,1.0
b6e24c7e-cea6-44c4-8bed-d907520f1567_0010.npy,32,32,32,24,3.0,0.226417124271,1.0,1.0,1.0
b6e24c7e-cea6-44c4-8bed-d907520f1567_0056.npy,28,36,36,20,4.0,0.176907911897,1.0,1.0,1.0
b6e24c7e-cea6-44c4-8bed-d907520f1567_0068.npy,32,36,36,20,4.0,0.173316150904,1.0,1.0,1.0
b6e24c7e-cea6-44c4-8bed-d907520f1567_0051.npy,32,36,36,20,4.0,0.173348203301,1.0,1.0,1.0
b6e24c7e-cea6-44c4-8bed-d907520f1567_0060.npy,32,36,36,20,4.0,0.173301428556,1.0,1.0,1.0
6e83b58f-7446-4d94-81da-ab17c093f47d_0003.npy,32,36,32,20,4.0,0.164239645004,1.0,1.0,1.0
6e83b58f-7446-4d94-81da-ab17c093f47d_0003.npy,32,32,32,24,3.0,0.227169156075,1.0,1.0,1.0
b6e24c7e-cea6-44c4-8bed-d907520f1567_0003.npy,32,36,32,20,9.0,0.157662257552,1.0,1.0,1.0
b6e24c7e-cea6-44c4-8bed-d907520f1567_0003.npy,32,36,36,20,4.0,0.173585370183,1.0,1.0,1.0
b6e24c7e-cea6-44c4-8bed-d907520f1567_0019.npy,28,36,32,20,4.0,0.171049997211,1.0,1.0,1.0
b6e24c7e-cea6-44c4-8bed-d907520f1567_0000.npy,28,32,32,20,4.0,0.167581766844,1.0,1.0,1.0
6e83b58f-7446-4d94-81da-ab17c093f47d_0039.npy,32,36,32,20,9.0,0.157385379076,1.0,1.0,1.0
6e83b58f-7446-4d94-81da-ab17c093f47d_0039.npy,28,36,36,20,4.0,0.17678719759,1.0,1.0,1.0
6e83b58f-7446-4d94-81da-ab17c093f47d_0028.npy,28,36,36,20,4.0,0.176649972796,1.0,1.0,1.0
b6e24c7e-cea6-44c4-8bed-d907520f1567_0069.npy,28,32,32,20,4.0,0.167760819197,1.0,1.0,1.0
b6e24c7e-cea6-44c4-8bed-d907520f1567_0037.npy,28,36,36,20,4.0,0.176742881536,1.0,1.0,1.0
6e83b58f-7446-4d94-81da-ab17c093f47d_0000.npy,32,36,32,20,9.0,0.157577157021,1.0,1.0,1.0
6e83b58f-7446-4d94-81da-ab17c093f47d_0000.npy,28,36,36,20,4.0,0.176997572184,1.0,1.0,1.0
6e83b58f-7446-4d94-81da-ab17c093f47d_0070.npy,28,36,36,20,4.0,0.176825478673,1.0,1.0,1.0
b6e24c7e-cea6-44c4-8bed-d907520f1567_0007.npy,32,36,32,20,9.0,0.157666116953,1.0,1.0,1.0
b6e24c7e-cea6-44c4-8bed-d907520f1567_0007.npy,32,36,36,20,4.0,0.173563197255,1.0,1.0,1.0
6e83b58f-7446-4d94-81da-ab17c093f47d_0068.npy,28,36,36,20,4.0,0.176839366555,1.0,1.0,1.0
6e83b58f-7446-4d94-81da-ab17c093f47d_0018.npy,28,36,32,20,4.0,0.171011894941,1.0,1.0,1.0
6e83b58f-7446-4d94-81da-ab17c093f47d_0071.npy,32,36,32,20,9.0,0.157386749983,1.0,1.0,1.0
6e83b58f-7446-4d94-81da-ab17c093f47d_0071.npy,32,36,36,20,4.0,0.173335045576,1.0,1.0,1.0
b6e24c7e-cea6-44c4-8bed-d907520f1567_0002.npy,32,36,36,20,4.0,0.173423647881,1.0,1.0,1.0
6e83b58f-7446-4d94-81da-ab17c093f47d_0073.npy,28,36,36,20,4.0,0.176831096411,1.0,1.0,1.0
b6e24c7e-cea6-44c4-8bed-d907520f1567_0064.npy,28,36,32,20,4.0,0.171160697937,1.0,1.0,1.0
6e83b58f-7446-4d94-81da-ab17c093f47d_0007.npy,32,36,36,20,4.0,0.173203036189,1.0,1.0,1.0
b6e24c7e-cea6-44c4-8bed-d907520f1567_0054.npy,32,36,36,20,4.0,0.173377558589,1.0,1.0,1.0
6e83b58f-7446-4d94-81da-ab17c093f47d_0004.npy,28,36,36,20,4.0,0.17694246769,1.0,1.0,1.0
b6e24c7e-cea6-44c4-8bed-d907520f1567_0049.npy,32,36,32,20,9.0,0.157374277711,1.0,1.0,1.0
b6e24c7e-cea6-44c4-8bed-d907520f1567_0049.npy,28,36,36,20,4.0,0.176738098264,1.0,1.0,1.0
b6e24c7e-cea6-44c4-8bed-d907520f1567_0001.npy,28,32,32,20,4.0,0.167717605829,1.0,1.0,1.0
6e83b58f-7446-4d94-81da-ab17c093f47d_0051.npy,32,36,32,20,4.0,0.1642896384,1.0,1.0,1.0
6e83b58f-7446-4d94-81da-ab17c093f47d_0025.npy,32,36,32,20,9.0,0.157532975078,1.0,1.0,1.0
6e83b58f-7446-4d94-81da-ab17c093f47d_0025.npy,32,36,36,20,4.0,0.173214644194,1.0,1.0,1.0
b6e24c7e-cea6-44c4-8bed-d907520f1567_0061.npy,28,36,36,20,4.0,0.176650464535,1.0,1.0,1.0
6e83b58f-7446-4d94-81da-ab17c093f47d_0063.npy,32,36,32,20,9.0,0.157399594784,1.0,1.0,1.0
6e83b58f-7446-4d94-81da-ab17c093f47d_0063.npy,28,36,36,20,4.0,0.176839888096,1.0,1.0,1.0
6e83b58f-7446-4d94-81da-ab17c093f47d_0063.npy,32,32,32,24,3.0,0.225932449102,1.0,1.0,1.0
b6e24c7e-cea6-44c4-8bed-d907520f1567_0039.npy,32,36,36,20,4.0,0.173386335373,1.0,1.0,1.0
b6e24c7e-cea6-44c4-8bed-d907520f1567_0021.npy,32,36,36,20,4.0,0.173335120082,1.0,1.0,1.0
b6e24c7e-cea6-44c4-8bed-d907520f1567_0059.npy,32,36,36,20,4.0,0.173214867711,1.0,1.0,1.0
b6e24c7e-cea6-44c4-8bed-d907520f1567_0057.npy,28,32,32,20,4.0,0.167779460549,1.0,1.0,1.0
6e83b58f-7446-4d94-81da-ab17c093f47d_0045.npy,32,36,36,20,4.0,0.173168063164,1.0,1.0,1.0
b6e24c7e-cea6-44c4-8bed-d907520f1567_0038.npy,32,36,36,20,4.0,0.17284449935,1.0,1.0,1.0
6e83b58f-7446-4d94-81da-ab17c093f47d_0074.npy,32,36,32,20,9.0,0.157410249114,1.0,1.0,1.0
6e83b58f-7446-4d94-81da-ab17c093f47d_0074.npy,32,36,36,20,4.0,0.173331841826,1.0,1.0,1.0
6e83b58f-7446-4d94-81da-ab17c093f47d_0029.npy,32,36,32,20,9.0,0.15784189105,1.0,1.0,1.0
6e83b58f-7446-4d94-81da-ab17c093f47d_0029.npy,28,36,32,20,4.0,0.171503007412,1.0,1.0,1.0
6e83b58f-7446-4d94-81da-ab17c093f47d_0034.npy,28,36,32,20,4.0,0.171100631356,1.0,1.0,1.0
b6e24c7e-cea6-44c4-8bed-d907520f1567_0071.npy,32,36,32,20,4.0,0.164034128189,1.0,1.0,1.0
6e83b58f-7446-4d94-81da-ab17c093f47d_0046.npy,28,36,32,20,4.0,0.170962736011,1.0,1.0,1.0
b6e24c7e-cea6-44c4-8bed-d907520f1567_0011.npy,32,36,32,20,4.0,0.163823202252,1.0,1.0,1.0
b6e24c7e-cea6-44c4-8bed-d907520f1567_0047.npy,32,36,32,20,9.0,0.157412692904,1.0,1.0,1.0
b6e24c7e-cea6-44c4-8bed-d907520f1567_0047.npy,32,36,36,20,4.0,0.173389330506,1.0,1.0,1.0
b6e24c7e-cea6-44c4-8bed-d907520f1567_0045.npy,32,36,36,20,4.0,0.173600390553,1.0,1.0,1.0
b6e24c7e-cea6-44c4-8bed-d907520f1567_0024.npy,32,36,32,20,9.0,0.157570540905,1.0,1.0,1.0
b6e24c7e-cea6-44c4-8bed-d907520f1567_0024.npy,28,36,36,20,4.0,0.177017211914,1.0,1.0,1.0
b6e24c7e-cea6-44c4-8bed-d907520f1567_0053.npy,32,36,32,20,9.0,0.157434657216,1.0,1.0,1.0
b6e24c7e-cea6-44c4-8bed-d907520f1567_0053.npy,32,36,36,20,4.0,0.173443734646,1.0,1.0,1.0
b6e24c7e-cea6-44c4-8bed-d907520f1567_0072.npy,32,36,36,20,4.0,0.173302277923,1.0,1.0,1.0
6e83b58f-7446-4d94-81da-ab17c093f47d_0056.npy,32,36,32,20,9.0,0.157534360886,1.0,1.0,1.0
6e83b58f-7446-4d94-81da-ab17c093f47d_0056.npy,32,36,36,20,4.0,0.173575624824,1.0,1.0,1.0
6e83b58f-7446-4d94-81da-ab17c093f47d_0079.npy,28,36,36,20,4.0,0.177043810487,1.0,1.0,1.0
6e83b58f-7446-4d94-81da-ab17c093f47d_0042.npy,28,32,32,20,4.0,0.167391508818,1.0,1.0,1.0
6e83b58f-7446-4d94-81da-ab17c093f47d_0057.npy,32,36,32,20,9.0,0.157669529319,1.0,1.0,1.0
6e83b58f-7446-4d94-81da-ab17c093f47d_0057.npy,28,36,32,20,4.0,0.171502485871,1.0,1.0,1.0
6e83b58f-7446-4d94-81da-ab17c093f47d_0057.npy,32,32,32,24,3.0,0.226645231247,1.0,1.0,1.0
6e83b58f-7446-4d94-81da-ab17c093f47d_0055.npy,32,36,32,20,9.0,0.157805636525,1.0,1.0,1.0
6e83b58f-7446-4d94-81da-ab17c093f47d_0055.npy,28,36,32,20,4.0,0.171059250832,1.0,1.0,1.0
b6e24c7e-cea6-44c4-8bed-d907520f1567_0031.npy,28,36,32,20,4.0,0.170761361718,1.0,1.0,1.0
6e83b58f-7446-4d94-81da-ab17c093f47d_0019.npy,28,36,36,20,4.0,0.176875367761,1.0,1.0,1.0
b6e24c7e-cea6-44c4-8bed-d907520f1567_0008.npy,32,36,32,20,9.0,0.157426953316,1.0,1.0,1.0
b6e24c7e-cea6-44c4-8bed-d907520f1567_0008.npy,32,36,36,20,4.0,0.173373490572,1.0,1.0,1.0
6e83b58f-7446-4d94-81da-ab17c093f47d_0001.npy,28,36,36,20,4.0,0.177106589079,1.0,1.0,1.0
6e83b58f-7446-4d94-81da-ab17c093f47d_0014.npy,28,32,32,20,4.0,0.167501792312,1.0,1.0,1.0
b6e24c7e-cea6-44c4-8bed-d907520f1567_0034.npy,28,32,32,20,4.0,0.167665928602,1.0,1.0,1.0
6e83b58f-7446-4d94-81da-ab17c093f47d_0008.npy,32,36,32,20,4.0,0.16433571279,1.0,1.0,1.0
b6e24c7e-cea6-44c4-8bed-d907520f1567_0016.npy,32,36,32,20,9.0,0.157790839672,1.0,1.0,1.0
b6e24c7e-cea6-44c4-8bed-d907520f1567_0016.npy,28,36,36,20,4.0,0.177409768105,1.0,1.0,1.0
6e83b58f-7446-4d94-81da-ab17c093f47d_0049.npy,28,36,32,20,4.0,0.171063154936,1.0,1.0,1.0
b6e24c7e-cea6-44c4-8bed-d907520f1567_0033.npy,28,36,36,20,4.0,0.177573636174,1.0,1.0,1.0
6e83b58f-7446-4d94-81da-ab17c093f47d_0037.npy,28,36,36,20,4.0,0.176562666893,1.0,1.0,1.0
6e83b58f-7446-4d94-81da-ab17c093f47d_0023.npy,36,36,32,20,4.0,0.159960836172,1.0,1.0,1.0
6e83b58f-7446-4d94-81da-ab17c093f47d_0005.npy,32,36,32,20,9.0,0.157605454326,1.0,1.0,1.0
6e83b58f-7446-4d94-81da-ab17c093f47d_0005.npy,32,32,32,20,4.0,0.161775365472,1.0,1.0,1.0
6e83b58f-7446-4d94-81da-ab17c093f47d_0010.npy,28,36,36,20,4.0,0.176963061094,1.0,1.0,1.0
b6e24c7e-cea6-44c4-8bed-d907520f1567_0043.npy,32,36,36,20,4.0,0.173257708549,1.0,1.0,1.0
6e83b58f-7446-4d94-81da-ab17c093f47d_0052.npy,28,36,32,20,4.0,0.171376898885,1.0,1.0,1.0
b6e24c7e-cea6-44c4-8bed-d907520f1567_0006.npy,28,36,36,20,4.0,0.176762491465,1.0,1.0,1.0
b6e24c7e-cea6-44c4-8bed-d907520f1567_0046.npy,28,36,36,20,4.0,0.176590994,1.0,1.0,1.0
6e83b58f-7446-4d94-81da-ab17c093f47d_0013.npy,32,36,32,20,4.0,0.164021894336,1.0,1.0,1.0
6e83b58f-7446-4d94-81da-ab17c093f47d_0009.npy,28,36,36,20,4.0,0.176859423518,1.0,1.0,1.0
6e83b58f-7446-4d94-81da-ab17c093f47d_0009.npy,32,32,32,24,3.0,0.225899353623,1.0,1.0,1.0
b6e24c7e-cea6-44c4-8bed-d907520f1567_0055.npy,28,32,32,20,4.0,0.167633101344,1.0,1.0,1.0
6e83b58f-7446-4d94-81da-ab17c093f47d_0020.npy,32,36,32,20,9.0,0.157639369369,1.0,1.0,1.0
6e83b58f-7446-4d94-81da-ab17c093f47d_0020.npy,28,36,32,20,4.0,0.171221494675,1.0,1.0,1.0
6e83b58f-7446-4d94-81da-ab17c093f47d_0058.npy,32,36,32,20,4.0,0.164249077439,1.0,1.0,1.0
6e83b58f-7446-4d94-81da-ab17c093f47d_0075.npy,32,36,32,20,9.0,0.157416716218,1.0,1.0,1.0
6e83b58f-7446-4d94-81da-ab17c093f47d_0075.npy,32,36,36,20,4.0,0.173298060894,1.0,1.0,1.0
6e83b58f-7446-4d94-81da-ab17c093f47d_0064.npy,32,32,32,20,4.0,0.16157078743,1.0,1.0,1.0
6e83b58f-7446-4d94-81da-ab17c093f47d_0036.npy,32,36,36,20,4.0,0.17357313633,1.0,1.0,1.0
b6e24c7e-cea6-44c4-8bed-d907520f1567_0058.npy,28,36,36,20,4.0,0.176825389266,1.0,1.0,1.0
b6e24c7e-cea6-44c4-8bed-d907520f1567_0028.npy,32,36,32,20,4.0,0.16381841898,1.0,1.0,1.0
6e83b58f-7446-4d94-81da-ab17c093f47d_0015.npy,32,36,32,20,9.0,0.157613068819,1.0,1.0,1.0
6e83b58f-7446-4d94-81da-ab17c093f47d_0015.npy,32,36,36,20,4.0,0.17347574234,1.0,1.0,1.0
6e83b58f-7446-4d94-81da-ab17c093f47d_0072.npy,32,36,36,20,4.0,0.17322614789,1.0,1.0,1.0
6e83b58f-7446-4d94-81da-ab17c093f47d_0024.npy,32,36,32,20,9.0,0.157224208117,1.0,1.0,1.0
6e83b58f-7446-4d94-81da-ab17c093f47d_0024.npy,32,36,36,20,4.0,0.17288120091,1.0,1.0,1.0
b6e24c7e-cea6-44c4-8bed-d907520f1567_0015.npy,28,32,32,20,4.0,0.167901709676,1.0,1.0,1.0
b6e24c7e-cea6-44c4-8bed-d907520f1567_0029.npy,32,36,32,20,9.0,0.157411634922,1.0,1.0,1.0
b6e24c7e-cea6-44c4-8bed-d907520f1567_0029.npy,28,36,32,20,4.0,0.171172603965,1.0,1.0,1.0
b6e24c7e-cea6-44c4-8bed-d907520f1567_0022.npy,32,36,32,20,4.0,0.163576826453,1.0,1.0,1.0
b6e24c7e-cea6-44c4-8bed-d907520f1567_0018.npy,28,36,36,20,4.0,0.176843866706,1.0,1.0,1.0
6e83b58f-7446-4d94-81da-ab17c093f47d_0076.npy,32,36,36,20,4.0,0.172904133797,1.0,1.0,1.0
6e83b58f-7446-4d94-81da-ab17c093f47d_0041.npy,28,36,36,20,4.0,0.176793694496,1.0,1.0,1.0
b6e24c7e-cea6-44c4-8bed-d907520f1567_0036.npy,28,36,36,20,4.0,0.176818579435,1.0,1.0,1.0
6e83b58f-7446-4d94-81da-ab17c093f47d_0011.npy,28,36,36,20,4.0,0.176871433854,1.0,1.0,1.0
b6e24c7e-cea6-44c4-8bed-d907520f1567_0073.npy,28,36,36,20,4.0,0.176963895559,1.0,1.0,1.0
b6e24c7e-cea6-44c4-8bed-d907520f1567_0062.npy,32,36,32,20,9.0,0.15743227303,1.0,1.0,1.0
b6e24c7e-cea6-44c4-8bed-d907520f1567_0062.npy,28,36,36,20,4.0,0.176867425442,1.0,1.0,1.0
6e83b58f-7446-4d94-81da-ab17c093f47d_0044.npy,32,36,32,20,9.0,0.157360091805,1.0,1.0,1.0
6e83b58f-7446-4d94-81da-ab17c093f47d_0044.npy,32,36,36,20,4.0,0.173253715038,1.0,1.0,1.0
b6e24c7e-cea6-44c4-8bed-d907520f1567_0027.npy,32,36,32,20,9.0,0.157066643238,1.0,1.0,1.0
b6e24c7e-cea6-44c4-8bed-d907520f1567_0027.npy,32,36,36,20,4.0,0.172736942768,1.0,1.0,1.0
6e83b58f-7446-4d94-81da-ab17c093f47d_0059.npy,32,36,36,20,4.0,0.17332111299,1.0,1.0,1.0
b6e24c7e-cea6-44c4-8bed-d907520f1567_0014.npy,32,36,36,20,4.0,0.173449933529,1.0,1.0,1.0
6e83b58f-7446-4d94-81da-ab17c093f47d_0047.npy,32,36,32,20,9.0,0.157393887639,1.0,1.0,1.0
6e83b58f-7446-4d94-81da-ab17c093f47d_0047.npy,32,36,36,20,4.0,0.17335511744,1.0,1.0,1.0
6e83b58f-7446-4d94-81da-ab17c093f47d_0066.npy,32,36,32,20,4.0,0.163804411888,1.0,1.0,1.0
b6e24c7e-cea6-44c4-8bed-d907520f1567_0009.npy,32,36,32,20,4.0,0.16403670609,1.0,1.0,1.0
6e83b58f-7446-4d94-81da-ab17c093f47d_0069.npy,32,36,36,20,4.0,0.173334553838,1.0,1.0,1.0
b6e24c7e-cea6-44c4-8bed-d907520f1567_0044.npy,28,36,36,20,4.0,0.176802650094,1.0,1.0,1.0
6e83b58f-7446-4d94-81da-ab17c093f47d_0002.npy,32,36,32,20,9.0,0.157682493329,1.0,1.0,1.0
6e83b58f-7446-4d94-81da-ab17c093f47d_0002.npy,28,36,36,20,4.0,0.177011713386,1.0,1.0,1.0
6e83b58f-7446-4d94-81da-ab17c093f47d_0061.npy,28,32,32,20,4.0,0.167753472924,1.0,1.0,1.0
6e83b58f-7446-4d94-81da-ab17c093f47d_0040.npy,28,32,32,20,4.0,0.167746692896,1.0,1.0,1.0
b6e24c7e-cea6-44c4-8bed-d907520f1567_0005.npy,28,36,36,20,4.0,0.177113488317,1.0,1.0,1.0
b6e24c7e-cea6-44c4-8bed-d907520f1567_0035.npy,28,36,32,20,4.0,0.171144336462,1.0,1.0,1.0
6e83b58f-7446-4d94-81da-ab17c093f47d_0062.npy,32,36,32,20,9.0,0.157186299562,1.0,1.0,1.0
6e83b58f-7446-4d94-81da-ab17c093f47d_0062.npy,32,36,36,20,4.0,0.173008129001,1.0,1.0,1.0
6e83b58f-7446-4d94-81da-ab17c093f47d_0060.npy,32,36,32,20,9.0,0.157394111156,1.0,1.0,1.0
6e83b58f-7446-4d94-81da-ab17c093f47d_0060.npy,28,36,32,20,4.0,0.171163931489,1.0,1.0,1.0
b6e24c7e-cea6-44c4-8bed-d907520f1567_0030.npy,28,36,36,20,4.0,0.176851168275,1.0,1.0,1.0
b6e24c7e-cea6-44c4-8bed-d907520f1567_0066.npy,32,36,32,20,9.0,0.157382458448,1.0,1.0,1.0
b6e24c7e-cea6-44c4-8bed-d907520f1567_0066.npy,28,36,32,20,4.0,0.171159446239,1.0,1.0,1.0
6e83b58f-7446-4d94-81da-ab17c093f47d_0038.npy,32,32,32,20,4.0,0.161776393652,1.0,1.0,1.0
b6e24c7e-cea6-44c4-8bed-d907520f1567_0040.npy,28,36,36,20,4.0,0.177642390132,1.0,1.0,1.0
6e83b58f-7446-4d94-81da-ab17c093f47d_0065.npy,32,36,36,20,4.0,0.173210412264,1.0,1.0,1.0
6e83b58f-7446-4d94-81da-ab17c093f47d_0078.npy,32,36,36,20,4.0,0.173210754991,1.0,1.0,1.0
b6e24c7e-cea6-44c4-8bed-d907520f1567_0065.npy,32,36,36,20,4.0,0.173366844654,1.0,1.0,1.0
6e83b58f-7446-4d94-81da-ab17c093f47d_0006.npy,28,36,32,20,4.0,0.171312853694,1.0,1.0,1.0
6e83b58f-7446-4d94-81da-ab17c093f47d_0006.npy,32,32,32,24,3.0,0.226466149092,1.0,1.0,1.0
b6e24c7e-cea6-44c4-8bed-d907520f1567_0012.npy,28,36,36,20,4.0,0.176707133651,1.0,1.0,1.0
6e83b58f-7446-4d94-81da-ab17c093f47d_0016.npy,28,36,36,20,4.0,0.177156031132,1.0,1.0,1.0
6e83b58f-7446-4d94-81da-ab17c093f47d_0031.npy,28,36,36,20,4.0,0.176889494061,1.0,1.0,1.0
6e83b58f-7446-4d94-81da-ab17c093f47d_0032.npy,32,36,32,20,4.0,0.164047181606,1.0,1.0,1.0
6e83b58f-7446-4d94-81da-ab17c093f47d_0053.npy,32,36,36,20,4.0,0.173201292753,1.0,1.0,1.0
b6e24c7e-cea6-44c4-8bed-d907520f1567_0004.npy,32,36,32,20,9.0,0.157545089722,1.0,1.0,1.0
b6e24c7e-cea6-44c4-8bed-d907520f1567_0004.npy,28,36,36,20,4.0,0.176772162318,1.0,1.0,1.0
b6e24c7e-cea6-44c4-8bed-d907520f1567_0063.npy,32,36,32,20,9.0,0.157465785742,1.0,1.0,1.0
b6e24c7e-cea6-44c4-8bed-d907520f1567_0063.npy,32,36,36,20,4.0,0.173414453864,1.0,1.0,1.0
6e83b58f-7446-4d94-81da-ab17c093f47d_0054.npy,28,36,36,20,4.0,0.176853179932,1.0,1.0,1.0
6e83b58f-7446-4d94-81da-ab17c093f47d_0035.npy,28,36,32,20,4.0,0.171019464731,1.0,1.0,1.0
6e83b58f-7446-4d94-81da-ab17c093f47d_0030.npy,32,36,32,20,9.0,0.157599404454,1.0,1.0,1.0
6e83b58f-7446-4d94-81da-ab17c093f47d_0030.npy,32,36,36,20,4.0,0.173425883055,1.0,1.0,1.0
6e83b58f-7446-4d94-81da-ab17c093f47d_0012.npy,28,36,36,20,4.0,0.176959320903,1.0,1.0,1.0
6e83b58f-7446-4d94-81da-ab17c093f47d_0067.npy,32,36,36,20,4.0,0.173259243369,1.0,1.0,1.0
b6e24c7e-cea6-44c4-8bed-d907520f1567_0041.npy,32,36,32,20,9.0,0.15737952292,1.0,1.0,1.0
b6e24c7e-cea6-44c4-8bed-d907520f1567_0041.npy,28,36,32,20,4.0,0.171160727739,1.0,1.0,1.0
6e83b58f-7446-4d94-81da-ab17c093f47d_0050.npy,32,36,32,20,9.0,0.157465726137,1.0,1.0,1.0
6e83b58f-7446-4d94-81da-ab17c093f47d_0050.npy,28,32,32,20,4.0,0.167788088322,1.0,1.0,1.0
6e83b58f-7446-4d94-81da-ab17c093f47d_0027.npy,28,36,36,20,4.0,0.176657497883,1.0,1.0,1.0
b6e24c7e-cea6-44c4-8bed-d907520f1567_0025.npy,28,36,36,20,4.0,0.176186218858,1.0,1.0,1.0
b6e24c7e-cea6-44c4-8bed-d907520f1567_0067.npy,32,32,36,20,4.0,0.160944834352,1.0,1.0,1.0
b6e24c7e-cea6-44c4-8bed-d907520f1567_0013.npy,32,36,32,20,4.0,0.164022833109,1.0,1.0,1.0
b6e24c7e-cea6-44c4-8bed-d907520f1567_0017.npy,32,36,32,20,9.0,0.157583758235,1.0,1.0,1.0
b6e24c7e-cea6-44c4-8bed-d907520f1567_0017.npy,28,36,36,20,4.0,0.177277043462,1.0,1.0,1.0
6e83b58f-7446-4d94-81da-ab17c093f47d_0022.npy,32,36,32,20,9.0,0.157351672649,1.0,1.0,1.0
6e83b58f-7446-4d94-81da-ab17c093f47d_0022.npy,28,36,32,20,4.0,0.171027675271,1.0,1.0,1.0
b6e24c7e-cea6-44c4-8bed-d907520f1567_0042.npy,32,36,32,20,9.0,0.157343670726,1.0,1.0,1.0
b6e24c7e-cea6-44c4-8bed-d907520f1567_0042.npy,32,36,36,20,4.0,0.173207551241,1.0,1.0,1.0
6e83b58f-7446-4d94-81da-ab17c093f47d_0033.npy,32,36,36,20,4.0,0.17307625711,1.0,1.0,1.0
6e83b58f-7446-4d94-81da-ab17c093f47d_0021.npy,32,36,36,20,4.0,0.172943338752,1.0,1.0,1.0
6e83b58f-7446-4d94-81da-ab17c093f47d_0077.npy,28,36,36,20,4.0,0.176710724831,1.0,1.0,1.0
6e83b58f-7446-4d94-81da-ab17c093f47d_0077.npy,32,32,32,24,3.0,0.22571092844,1.0,1.0,1.0
b6e24c7e-cea6-44c4-8bed-d907520f1567_0050.npy,32,32,36,20,4.0,0.160828113556,1.0,1.0,1.0
b6e24c7e-cea6-44c4-8bed-d907520f1567_0052.npy,28,36,36,20,4.0,0.177015334368,1.0,1.0,1.0
6e83b58f-7446-4d94-81da-ab17c093f47d_0043.npy,28,36,36,20,4.0,0.177004754543,1.0,1.0,1.0
6e83b58f-7446-4d94-81da-ab17c093f47d_0017.npy,32,36,32,20,9.0,0.157453015447,1.0,1.0,1.0
6e83b58f-7446-4d94-81da-ab17c093f47d_0017.npy,28,32,32,20,4.0,0.167622074485,1.0,1.0,1.0
b6e24c7e-cea6-44c4-8bed-d907520f1567_0070.npy,28,36,36,20,4.0,0.176498904824,1.0,1.0,1.0
b6e24c7e-cea6-44c4-8bed-d907520f1567_0070.npy,32,32,32,24,3.0,0.225580021739,1.0,1.0,1.0
