image mean ap:
[0.9375, 0.9074074074074076, 0.925925925925926, 0.9179894179894181, 0.9417989417989417, 0.938095238095238, 0.935064935064935, 0.9278846153846154, 0.9255952380952381, 0.923611111111111, 0.8752450980392158, 0.8848684210526315, 0.8923160173160173, 0.8989197530864198, 0.906896551724138, 0.9170673076923078, 0.9116838023088022, 0.9129464285714285, 0.9118203024453025, 0.911672563762347, 0.9161096256684491, 0.9160272804774084, 0.9138122214171224, 0.9129256965944273, 0.9160087719298246, 0.9140554148294086, 0.9152452619843924, 0.9144893355209188, 0.9137614063338702, 0.9138716356107661, 0.9131928553267227, 0.915119720204466, 0.9128030303030302, 0.9178007496973014, 0.9172013780041798, 0.9165765376018458, 0.9180156225650616, 0.9136507936507936, 0.913114241001565, 0.9141798941798941, 0.917819063652397, 0.9173195631528964, 0.9168327082356619, 0.9163580246913581, 0.9156068241968969, 0.914132721361637, 0.9136904761904763, 0.9144107105207674, 0.9139889138951404, 0.9142712581881103, 0.9131740795047246, 0.9127803954734001, 0.9132521889874831, 0.911653405323482, 0.914172686618507, 0.9129535147392289, 0.9139380196523054, 0.9140740740740741, 0.9115090658863457, 0.91069449222184, 0.9108358949367722, 0.9115050705666397, 0.9110110526736204, 0.9143408214204675, 0.916460664411484, 0.9169791572542995, 0.9170965608465608, 0.9184917498031225, 0.9181906745343053, 0.9182589160041216, 0.9179667162009718, 0.9182570538913822, 0.9174836601307189, 0.917594339934157, 0.917663958424828, 0.917391627270144, 0.9171232717527543, 0.916858805445762, 0.9173894424832806, 0.9155521783181357, 0.9156677654579962, 0.9146192660295897, 0.9143730333889909, 0.9133533307425759, 0.91526889134032, 0.9152348993288589, 0.9168576843692943, 0.9168133065191889, 0.917310071305217, 0.9170826105938854, 0.916160133865591, 0.9175110649747714, 0.9169177499924769, 0.9167015550239235, 0.9176760176949449, 0.9174640370475311, 0.91725462586251, 0.9176232281200312, 0.9174182808716708, 0.9180370922551141, 0.917203869032189, 0.9163864564911872, 0.9155843884396466, 0.9156652729081779, 0.9171157251874118, 0.9163444771903974, 0.9170716494483098, 0.9168849295792695, 0.9168282697694462, 0.9166456199966325, 0.9174456262691556, 0.9172654768399449, 0.9170872337539003, 0.9176151950527736, 0.9177020006083291, 0.9170977400747288, 0.9163954430727176, 0.9164831070042695, 0.915900062197789, 0.9159872153918472, 0.9158218050065875, 0.9174357462283158, 0.918031084537529, 0.9178688813888337, 0.9166746700714091, 0.9168599033816425, 0.9171571604135039, 0.9170002967999569, 0.9168448992014896, 0.9169058503942225, 0.9168658262648707, 0.9162303450711985, 0.9162929614980903, 0.9161445945814689, 0.9155233859659052, 0.9161409533097573, 0.9162223351400179, 0.915613700161766, 0.9153154273075957, 0.9153472704518996, 0.9156510602293735, 0.9155111139687375, 0.9164886039886039, 0.9162083723384553, 0.9156375745541792, 0.9150744508329648, 0.9149396688867135, 0.9148060101233476, 0.9141834136880617, 0.9145644466776934, 0.9144334106567276, 0.9143034399692657, 0.9141259398298597, 0.9132469396626449]
class mean ap:
{'0.0': 1.0,
 '1.0': 1.0,
 '10.0': 1.0,
 '11.0': 1.0,
 '2.0': 1.0,
 '3.0': 0.8766367328858922,
 '4.0': 0.42296966032227556,
 '5.0': 1.0,
 '6.0': 1.0,
 '7.0': 1.0,
 '8.0': 1.0,
 '9.0': 0.6950338361804884}
All mAp = 0.9156810408981715
